STLV59_563	STLV59_A_563
001	11111111	11111111	1	Test 1
002	22111111	22111111	1	Test 2
003	11211111	11211111	1	Test 3
004	11121111	11121111	1	Test 4
005	11112111	11112111	1	Test 5
006	11111211	11111211	1	Test 6
007	11111121	11111121	1	Test 7
008	11111112	11111112	1	Test 8
009	11212111	11212111	1	Test 9
010	11211211	11211211	1	Test 10
011	11211121	11211121	1	Test 11
012	11211112	11211112	1	Test 12
013	11221111	11221111	1	Test 13
014	11222222	11222222	1	Test 14
015	22222222	22222222	1	Test 15
016	22022222	22022222	1	Test 16